100 100
814 163 644 60 423 582 850 559 684 987 631 783 504 407 504 141 672 838 199 194 745 985 56 105 817 855 50 472 488 682 380 952 249 547 717 796 919 844 630 862 427 885 126 530 744 983 294 38 448 709 169 131 438 459 304 667 750 790 608 298 233 518 546 222 495 645 334 564 652 520 770 973 901 766 333 353 19 689 338 659 679 249 16 799 669 401 621 131 942 305 882 654 96 668 417 136 844 175 659 941
905 794 379 682 95 541 560 854 132 171 355 694 490 667 613 260 432 585 195 754 892 559 817 858 190 671 546 543 498 358 319 543 387 403 134 114 602 816 985 896 955 839 365 75 839 896 27 975 651 992 745 52 321 48 607 297 487 913 772 405 740 62 551 204 609 287 206 633 146 766 686 735 396 135 988 400 728 520 430 633 486 676 684 630 60 311 911 462 849 102 512 194 200 728 273 512 229 764 120 661
127 311 811 43 598 870 929 348 723 258 997 10 877 933 819 87 694 948 327 346 243 933 529 698 124 524 943 60 936 986 986 252 432 107 446 159 702 846 634 189 724 119 676 312 263 865 94 522 170 932 477 627 134 385 279 598 385 533 57 302 889 232 694 624 5 322 494 498 694 336 867 752 693 65 474 598 816 77 793 525 35 648 878 982 384 654 606 440 138 372 376 95 607 286 315 42 428 459 130 215
913 529 533 72 471 265 696 446 111 397 224 843 353 811 532 429 257 61 880 419 130 720 694 734 821 299 322 658 389 84 718 578 831 724 509 356 743 370 600 661 581 411 376 895 514 801 798 909 531 93 653 30 135 362 799 152 62 804 854 757 859 119 927 725 588 156 32 60 625 626 580 34 205 672 747 911 117 406 142 192 115 703 432 159 491 392 485 605 661 222 883 918 710 594 582 313 368 606 78 913
632 166 351 522 696 318 583 55 118 74 652 922 449 485 202 258 10 585 471 156 225 484 213 650 638 704 806 889 118 251 413 915 824 614 530 847 385 383 909 941 540 121 863 834 447 555 711 383 634 953 966 137 806 288 796 436 214 563 384 360 597 99 944 834 777 388 827 515 44 327 626 118 63 482 670 133 489 430 608 512 77 837 631 617 774 120 577 127 39 643 246 558 890 371 689 322 696 364 735 380
98 602 939 97 700 120 815 177 641 684 605 771 963 756 454 298 532 285 404 819 350 639 543 516 17 382 601 110 241 811 99 895 453 783 859 583 252 861 571 975 705 572 292 3 341 419 783 884 15 163 313 694 525 816 954 13 544 751 400 125 655 890 903 19 657 895 264 54 798 311 112 262 622 495 795 43 348 659 930 748 608 727 586 309 148 978 982 599 149 776 164 418 603 795 864 948 944 402 556 35
279 263 876 818 638 939 879 663 329 402 387 43 43 417 428 425 280 827 180 625 287 887 702 327 896 568 789 438 685 85 734 483 381 567 678 586 37 464 336 108 6 949 134 640 839 127 624 255 470 970 77 516 944 451 444 229 411 10 326 617 915 34 604 202 528 887 677 843 986 646 214 893 688 314 273 401 774 219 636 420 234 20 228 85 486 518 519 132 185 430 658 111 862 74 211 208 218 730 834 228
547 654 550 817 34 645 988 331 654 982 143 378 972 971 966 120 946 191 968 738 927 199 956 662 515 887 799 280 839 531 637 443 925 811 806 925 472 570 957 179 782 257 672 803 982 654 825 909 886 597 791 543 988 806 457 264 901 477 555 356 433 839 926 469 825 394 794 595 437 434 37 972 297 324 284 596 286 82 48 737 142 584 784 876 72 508 349 116 645 621 256 553 676 992 507 489 753 955 107 906
957 689 622 722 69 479 1 898 749 402 26 704 190 987 620 495 906 443 408 805 52 395 445 118 544 843 50 985 970 800 74 312 741 577 531 575 645 695 440 746 926 989 203 245 626 864 35 894 114 240 366 808 410 790 600 511 57 251 296 363 290 507 117 379 962 675 682 691 345 103 445 994 571 909 717 919 824 468 698 686 530 920 288 591 787 325 982 441 856 279 158 112 785 776 425 445 520 878 257 869
964 748 587 150 320 639 865 119 583 621 421 729 667 864 695 706 393 394 844 68 593 992 86 148 606 898 283 609 215 739 121 56 737 944 955 10 279 960 601 50 9 350 868 65 182 275 406 399 443 71 585 793 371 283 842 215 444 308 366 69 632 114 341 341 314 252 651 647 49 236 327 347 316 450 185 294 173 728 257 955 930 92 924 303 394 198 992 271 853 478 277 236 537 8 240 821 760 610 55 582
158 451 208 659 531 545 612 988 740 155 184 225 586 389 720 244 25 826 615 950 163 402 58 20 760 939 653 254 760 142 981 754 946 871 67 809 518 546 720 72 824 209 751 263 123 840 250 625 659 300 184 502 227 69 32 346 538 966 349 867 296 490 37 64 797 950 238 623 225 971 288 293 809 748 833 545 863 614 691 308 617 555 299 168 236 863 896 944 494 315 299 139 5 889 757 18 880 967 656 561
970 84 301 519 654 647 989 540 235 381 726 269 675 455 347 785 671 677 377 498 838 659 629 964 855 815 490 133 584 438 497 132 510 508 541 609 246 636 679 489 767 666 419 103 580 71 481 568 295 813 77 277 446 55 188 748 134 209 630 458 622 599 538 761 285 625 477 953 581 699 496 188 366 186 170 781 926 900 363 342 690 930 536 340 81 268 741 517 781 827 6 328 199 864 792 788 238 634 278 2
957 229 471 973 408 544 528 707 735 161 370 673 361 247 517 75 837 208 877 755 168 901 796 970 383 2 972 545 403 351 23 356 792 789 282 480 298 571 213 850 997 973 1 484 329 379 880 894 950 77 154 120 266 637 943 414 541 520 664 78 48 91 737 403 15 207 936 177 601 659 182 743 699 85 953 328 191 253 542 387 235 200 334 68 79 539 665 445 275 743 229 347 439 697 386 541 939 777 709 127
485 913 231 649 820 721 480 999 970 758 841 478 620 784 557 394 971 318 785 742 502 995 691 124 85 4 748 827 510 479 54 396 452 473 481 269 650 927 82 997 228 623 150 419 268 268 281 214 694 355 827 886 459 424 947 56 857 226 992 905 994 978 182 674 95 110 241 475 253 326 933 718 633 207 722 96 51 220 222 27 207 525 238 653 927 551 733 309 967 145 670 928 558 885 318 46 28 898 131 215
800 153 844 800 718 522 801 288 867 871 734 624 811 882 157 4 57 134 465 831 999 653 345 467 734 88 568 837 496 587 141 885 849 828 685 258 891 863 275 5 919 64 274 381 550 153 599 4 207 132 301 970 433 905 453 390 198 567 944 282 207 653 426 551 329 566 209 842 654 20 940 189 964 559 135 442 548 236 905 633 38 127 545 245 205 963 436 470 990 69 981 888 385 466 481 514 561 227 524 826
142 825 195 454 968 993 228 415 87 351 571 237 20 913 562 221 450 671 814 157 356 109 946 657 332 261 299 833 651 146 893 22 391 323 209 481 861 170 867 543 642 374 872 886 181 631 27 880 555 159 384 942 260 417 811 475 156 998 350 614 607 461 99 52 306 275 273 497 61 570 591 434 201 662 853 30 10 810 374 565 663 748 108 758 956 270 400 779 85 532 256 790 647 372 279 446 890 102 46 388
422 538 226 432 531 219 498 465 367 685 177 177 84 558 695 2 582 571 898 457 48 37 520 290 839 23 256 204 743 905 466 844 738 976 608 228 210 179 559 861 106 167 601 421 678 317 156 235 879 63 651 638 134 154 928 825 62 132 193 662 348 863 303 308 19 72 776 762 940 37 1 46 598 939 931 675 828 702 79 366 507 315 138 299 340 266 218 169 330 744 619 75 586 83 158 491 167 828 102 318
915 996 171 825 325 106 900 764 369 294 957 829 974 599 427 189 686 170 429 618 214 618 953 754 372 424 886 544 302 640 561 288 976 278 326 49 399 244 465 909 268 232 321 284 56 959 834 245 558 702 817 91 419 540 673 304 661 954 919 200 718 263 780 965 163 159 332 180 93 265 903 655 84 41 564 112 908 878 31 422 486 187 95 419 960 310 881 23 269 835 971 420 766 997 396 660 425 425 469 262
792 79 228 84 106 110 575 818 685 531 266 767 651 149 836 143 719 148 334 932 398 567 74 558 828 341 447 875 90 163 494 251 523 73 880 170 887 752 430 845 764 53 285 49 35 499 195 641 752 87 766 75 507 937 372 821 19 124 289 960 28 824 537 931 444 50 603 691 334 191 683 781 544 164 399 200 705 711 627 462 861 980 311 56 343 557 942 709 216 720 492 397 175 869 286 505 327 727 710 297
959 443 436 134 611 64 845 101 598 832 924 934 232 899 731 268 650 476 597 835 334 962 207 428 177 541 816 121 826 566 68 488 430 751 134 259 257 199 774 878 805 901 435 219 287 738 829 305 895 617 374 183 325 661 406 566 291 187 551 665 67 329 769 378 767 681 184 914 651 449 74 863 846 438 442 530 244 661 937 315 965 713 812 31 64 378 949 605 767 887 301 413 503 1 243 742 568 936 601 428
656 107 311 174 779 405 738 178 789 597 224 108 404 450 360 175 727 908 902 895 230 746 775 267 130 926 99 856 390 931 897 729 207 831 103 198 966 982 654 746 105 793 903 239 78 13 338 825 842 174 190 32 685 395 439 55 973 646 919 541 927 941 639 618 681 781 88 163 504 768 996 785 41 326 701 627 589 440 320 226 759 825 514 187 612 246 107 414 365 163 597 973 383 680 642 943 827 297 205 193
36 961 923 391 424 448 586 360 368 335 374 183 122 206 454 139 374 552 702 582 936 662 914 753 880 299 859 899 775 783 289 203 324 922 959 606 619 709 658 118 470 373 925 30 900 605 671 883 131 651 646 725 443 259 678 260 764 129 90 869 88 244 893 562 714 807 309 428 531 628 315 434 330 90 260 374 938 563 745 116 247 683 866 271 556 676 58 914 154 202 543 238 977 655 956 799 392 312 619 567
849 5 430 831 91 366 247 57 206 299 88 99 269 899 387 599 582 33 378 583 683 523 782 898 45 338 28 218 180 686 269 217 111 327 153 823 166 176 161 509 219 832 505 702 846 576 53 945 189 499 4 145 436 848 465 589 244 82 258 557 333 957 61 830 460 265 231 42 379 315 809 348 709 810 29 606 895 990 289 134 676 689 980 67 906 262 164 477 165 882 130 109 936 412 187 438 621 550 699 658
934 775 185 803 267 763 666 522 87 453 640 490 258 762 775 901 117 54 735 855 962 260 296 728 687 859 899 77 110 466 594 976 375 804 153 810 826 858 432 169 922 754 627 8 396 807 734 391 154 285 283 636 793 945 953 480 682 659 427 22 526 511 176 957 919 896 909 226 769 292 461 56 860 400 948 846 606 957 125 946 759 531 327 334 202 961 527 916 893 462 552 800 892 476 909 91 965 553 315 685
679 817 904 61 154 628 84 336 772 423 181 194 332 882 734 939 58 805 954 35 438 962 152 407 734 341 900 474 905 261 476 593 330 538 156 802 656 909 505 831 321 622 719 611 170 655 499 801 29 830 638 790 815 377 355 199 138 28 578 483 247 565 416 76 988 608 936 666 283 79 587 819 501 655 996 702 792 337 514 492 586 189 220 50 787 498 70 497 945 187 149 45 444 388 569 933 828 640 804 354
757 868 979 399 281 772 626 176 206 360 46 895 153 285 430 221 979 451 543 885 940 540 848 938 437 138 524 835 876 569 368 305 342 463 90 708 546 961 375 928 857 394 24 408 431 878 943 157 10 818 592 566 752 68 339 239 630 985 899 808 543 993 740 888 932 15 32 871 649 172 478 106 994 567 779 393 836 156 388 748 822 493 518 102 348 428 11 927 517 725 259 959 751 452 194 378 813 597 178 956
743 85 439 527 440 932 661 209 388 558 723 99 348 673 694 483 285 383 540 408 6 31 785 256 380 508 121 469 999 249 655 967 817 820 454 859 252 571 480 170 260 359 575 249 416 902 290 625 596 938 325 378 789 182 895 780 857 539 219 736 781 771 893 562 462 344 594 345 922 721 552 7 429 4 989 572 560 417 978 311 926 559 353 72 972 568 92 703 19 883 529 801 909 27 704 759 955 162 242 244
392 400 112 417 527 972 730 905 552 742 348 45 122 664 945 376 595 789 311 37 610 696 271 533 979 856 178 414 864 319 938 896 532 951 669 781 41 563 343 883 878 89 47 652 729 153 377 699 609 1 988 821 501 576 545 617 899 374 967 572 522 314 26 195 905 534 44 28 331 90 176 275 268 651 488 250 1 554 292 8 637 828 859 904 836 613 607 694 419 798 813 960 373 425 651 803 183 418 595 748
655 260 258 657 457 192 890 675 229 424 660 557 884 123 784 524 962 364 72 746 801 520 228 954 399 384 706 503 37 910 620 190 521 77 831 204 234 177 777 388 189 342 423 320 407 193 114 86 919 640 124 305 555 186 749 144 349 707 434 9 932 58 138 222 387 628 425 905 813 917 587 942 473 317 128 727 252 30 592 616 19 203 260 312 712 807 57 5 122 843 718 765 117 106 332 804 670 369 868 390
172 800 409 628 875 139 982 468 642 429 384 772 95 407 705 265 186 532 182 155 233 59 321 268 440 695 831 126 545 885 283 2 774 708 790 993 361 514 384 383 759 549 468 104 951 791 964 531 733 8 736 320 631 292 125 716 486 947 785 718 147 45 424 706 603 447 522 471 787 430 155 674 161 266 464 343 432 866 571 358 185 528 843 592 215 880 658 540 951 538 501 608 525 44 522 596 735 81 818 844
706 431 595 292 518 696 769 912 484 125 627 312 930 276 110 69 193 711 93 144 932 890 829 250 157 628 35 133 997 794 205 712 121 235 712 94 633 548 711 272 32 461 23 536 912 61 433 888 301 107 157 785 98 462 453 402 679 382 525 449 417 813 764 597 560 811 840 910 125 80 446 386 159 460 742 79 431 894 616 649 27 808 583 378 16 160 576 413 270 210 894 989 341 556 25 325 819 237 590 372
32 910 262 432 943 94 581 104 152 25 22 179 399 716 390 436 342 871 464 606 763 330 822 927 326 450 758 870 511 925 439 867 625 399 473 650 986 166 481 868 642 645 66 165 951 390 85 264 496 107 435 504 246 347 75 462 704 693 331 659 281 412 524 586 845 145 625 328 158 572 538 857 269 623 673 302 875 497 561 846 935 355 719 951 210 90 74 628 893 530 950 562 849 611 23 748 681 994 3 707
277 182 603 16 638 525 928 745 782 290 910 339 48 284 591 174 932 329 10 255 826 230 571 69 314 474 957 603 873 179 28 119 347 268 708 215 207 494 729 741 567 514 924 883 346 300 716 235 258 367 832 261 616 318 663 707 461 602 432 753 598 384 754 968 285 974 255 691 415 831 462 675 757 802 874 301 68 210 280 102 484 548 344 742 536 313 242 543 895 843 462 496 187 739 798 476 330 909 944 346
47 264 711 984 957 530 580 736 101 318 800 210 343 896 459 27 391 650 915 324 573 114 572 300 894 949 343 266 71 518 876 39 335 832 958 244 757 535 937 448 377 814 534 666 290 734 507 839 733 240 360 732 305 460 703 401 364 775 718 804 37 523 170 582 663 833 904 18 687 348 834 608 609 561 758 24 340 721 152 588 794 717 10 887 109 607 351 216 775 216 288 253 209 257 108 516 35 790 792 877
98 146 222 168 241 861 17 562 294 654 746 510 736 826 51 954 273 974 643 402 792 311 286 591 247 84 638 864 987 627 610 598 575 995 506 340 886 199 517 709 213 98 367 847 886 105 328 496 117 346 77 163 767 236 919 15 280 592 916 30 64 892 673 100 602 340 767 512 658 780 996 439 966 25 617 176 177 700 733 582 457 203 193 599 853 379 127 552 908 717 926 196 530 726 689 480 121 136 399 750
823 136 118 107 676 485 121 185 238 956 813 906 794 390 229 431 152 76 2 406 329 229 699 204 311 280 343 59 922 913 204 604 864 650 305 198 472 623 903 944 792 464 364 762 210 792 753 153 746 250 557 921 267 28 660 75 77 376 890 780 323 406 619 167 656 616 563 332 680 708 972 961 773 793 275 861 246 461 40 522 494 644 507 689 910 925 739 862 17 862 496 493 85 713 775 424 284 550 873 434
695 869 297 373 289 394 862 597 531 935 383 629 545 498 834 961 397 587 31 386 224 652 796 636 409 447 217 458 564 664 520 516 199 704 790 507 159 27 218 174 146 590 152 807 131 782 836 231 809 387 274 223 40 658 690 591 445 850 135 567 99 604 7 102 310 304 897 336 10 591 746 823 573 273 337 656 728 171 801 455 426 1 25 391 334 57 446 5 959 471 877 711 241 504 791 176 838 54 674 401
317 580 319 198 672 671 484 300 92 458 617 102 686 695 16 762 375 414 209 610 313 67 442 798 708 587 786 722 432 389 54 8 672 932 237 950 811 319 873 245 489 187 150 633 520 532 254 658 745 421 132 84 297 159 853 446 166 226 120 77 170 95 740 147 332 90 368 953 129 377 200 11 450 823 835 856 288 794 407 966 891 513 550 224 469 994 18 125 76 461 214 987 634 892 709 281 901 676 243 373
950 550 424 490 695 741 845 134 405 241 575 391 893 834 863 8 131 309 455 167 584 276 446 502 144 877 723 339 338 740 862 689 901 687 235 395 477 533 83 641 13 611 351 710 905 254 534 563 337 640 699 74 556 802 468 926 399 797 893 252 371 336 991 671 189 522 338 750 764 394 37 142 287 688 386 271 238 888 830 183 874 570 276 132 3 667 682 775 285 942 115 335 111 779 946 877 450 822 169 443
35 145 508 340 68 520 210 213 105 764 530 55 55 610 78 680 435 264 128 188 830 282 466 651 871 469 279 401 721 817 443 946 199 568 465 584 117 327 465 808 187 52 336 688 403 71 435 292 584 787 486 769 969 409 459 95 920 996 653 134 40 145 129 640 101 825 619 334 842 428 189 483 752 604 81 896 140 143 971 559 633 8 696 173 311 617 880 21 488 628 125 220 607 495 298 873 988 911 861 380
439 853 86 951 255 348 552 895 113 759 275 501 304 575 669 706 92 759 9 95 291 880 279 796 84 437 582 527 14 600 548 873 298 381 619 606 875 602 22 853 485 576 784 321 216 626 158 622 469 270 183 817 689 328 806 376 511 282 41 564 709 245 361 373 287 764 87 633 747 423 577 581 95 387 865 209 221 939 423 626 292 892 881 938 485 148 140 143 970 806 574 345 889 761 995 490 34 148 327 73
382 622 263 920 224 150 630 72 784 740 249 432 47 326 500 645 615 995 727 323 403 444 675 234 462 746 421 894 374 85 567 114 497 634 615 714 635 362 808 398 838 842 487 532 79 25 600 716 88 844 102 740 718 746 824 546 914 710 505 541 641 379 191 163 355 947 376 416 944 219 628 293 107 66 435 964 817 1 54 31 292 833 25 35 262 29 811 321 568 402 466 92 491 667 554 606 859 305 325 440
765 351 801 53 668 586 32 243 292 743 452 997 196 456 218 552 11 187 354 769 862 756 903 601 31 468 92 778 922 922 680 355 890 363 123 402 98 135 180 116 141 500 465 873 933 62 937 281 828 740 202 758 559 746 191 112 92 664 894 69 174 271 714 390 536 334 188 576 919 497 365 439 735 998 172 414 378 439 787 642 246 775 341 879 683 572 253 904 274 322 374 631 314 978 656 717 529 780 400 606
795 513 30 738 844 262 615 54 603 106 228 811 720 714 572 218 573 781 780 234 615 603 908 113 753 860 25 70 546 54 372 242 501 408 124 858 908 913 166 81 732 439 132 55 603 130 108 412 686 826 135 961 533 174 26 904 993 415 386 988 63 216 178 800 990 390 810 959 223 40 636 398 355 661 5 230 665 12 630 838 704 788 421 522 911 30 25 614 129 379 754 378 762 117 945 140 975 487 763 305
187 402 928 269 345 45 363 442 964 681 804 486 722 884 123 772 789 196 437 740 991 783 747 516 700 467 491 279 474 527 79 560 277 369 285 920 35 640 182 361 691 149 886 500 378 451 900 362 268 183 324 466 875 118 57 633 97 498 292 251 407 634 986 400 29 151 723 616 510 565 891 138 581 229 652 818 935 235 509 395 774 374 80 808 570 711 531 16 156 719 456 887 954 869 225 583 877 549 164 407
490 76 730 423 780 755 50 14 433 463 986 894 877 721 671 228 236 992 437 693 204 114 261 838 215 498 278 379 497 119 456 613 534 468 735 751 40 659 691 829 35 29 674 433 665 672 550 781 969 66 950 787 393 174 143 905 313 949 234 316 463 799 17 755 709 334 674 151 787 50 254 952 299 93 370 361 427 707 568 437 822 153 80 448 266 214 934 312 269 193 706 427 646 568 981 195 162 878 688 101
446 240 489 548 675 243 490 897 695 212 30 138 582 19 599 371 448 802 50 824 827 978 689 920 680 487 340 864 309 380 48 301 574 503 411 286 988 675 214 215 489 756 835 904 792 856 427 136 184 610 532 423 458 627 172 630 785 953 201 301 203 209 40 295 905 554 914 838 522 872 287 360 713 241 376 502 605 694 309 85 806 352 73 347 928 255 769 193 434 490 929 890 485 121 171 64 354 988 643 477
646 124 578 942 7 442 193 197 758 99 536 390 71 675 56 891 569 424 50 828 676 848 132 498 557 230 288 420 950 813 738 798 413 910 829 797 686 744 298 791 971 796 656 630 334 498 153 902 300 701 248 943 209 842 626 15 602 733 380 42 869 896 804 640 865 550 821 726 617 860 126 837 361 902 441 747 969 265 747 581 254 645 900 757 65 958 405 276 396 121 820 225 438 970 941 64 58 20 821 293
709 184 238 418 602 688 123 94 433 823 87 927 922 439 57 856 62 729 92 294 249 51 124 278 850 86 171 240 982 244 38 795 15 207 935 143 377 842 768 655 113 294 983 983 692 49 248 290 411 112 437 2 757 510 30 317 466 385 595 528 598 745 859 885 120 161 549 109 558 338 529 42 718 218 516 832 365 327 337 871 800 932 969 360 626 182 718 27 425 140 40 797 187 840 957 939 444 351 379 17
754 240 459 983 387 359 206 308 655 175 802 917 800 438 153 403 496 498 594 310 476 466 191 652 559 68 399 598 514 884 954 781 703 339 399 505 504 517 501 27 743 116 979 585 204 314 447 500 237 96 669 981 547 166 472 112 298 41 269 256 23 536 566 210 955 117 16 162 731 974 820 424 995 480 300 395 664 94 883 207 630 94 391 557 948 798 481 830 614 947 966 858 443 63 175 520 441 535 112 884
276 417 963 302 916 736 147 456 110 164 989 713 286 117 20 318 642 809 241 523 399 326 146 917 901 888 697 479 992 712 742 351 507 574 53 611 763 152 909 785 638 375 250 840 958 641 533 783 195 598 548 570 358 714 678 629 134 583 622 409 899 969 754 480 441 399 95 297 64 954 300 76 84 909 478 97 315 42 334 95 232 739 314 888 516 41 441 764 447 631 888 427 488 278 55 150 327 748 859 211
680 50 547 701 2 395 189 102 933 666 67 618 544 814 435 609 222 357 841 325 599 630 585 510 420 233 204 898 456 378 937 55 381 487 571 704 49 381 58 922 594 829 624 469 712 786 355 677 705 812 609 347 701 907 115 61 295 565 804 947 453 565 519 113 875 831 515 424 493 988 787 314 468 194 7 266 885 759 796 188 381 56 553 840 956 309 942 721 13 439 639 589 861 410 268 646 914 970 713 683
655 902 521 666 462 683 43 995 188 894 939 343 984 325 832 910 837 74 857 832 800 231 74 974 358 861 666 934 426 249 513 708 65 262 747 383 726 821 437 492 499 841 728 545 167 289 773 150 181 814 863 557 110 219 236 674 167 355 104 919 58 218 586 133 865 185 952 528 230 158 437 946 94 448 172 792 296 325 804 668 453 757 792 244 272 967 579 822 35 708 11 92 716 627 546 584 495 695 575 155
163 944 232 539 424 704 635 332 266 517 19 936 715 246 617 909 971 591 963 810 105 580 822 198 489 712 443 818 214 253 241 992 359 580 320 728 701 172 572 834 568 665 498 179 443 498 881 696 522 90 381 300 7 871 289 477 317 880 729 122 107 857 191 64 355 501 843 275 338 3 550 854 725 618 304 936 296 522 51 732 501 464 798 436 527 267 783 764 399 530 977 251 620 919 775 313 710 273 741 974
119 491 489 698 461 442 282 298 798 702 684 125 839 343 520 592 846 910 489 557 821 603 723 112 256 872 433 709 194 767 260 163 235 878 493 887 459 330 565 132 427 960 849 634 633 818 734 129 296 731 749 159 597 212 173 306 110 624 648 592 998 862 503 80 631 127 935 828 552 248 986 174 912 594 744 568 907 951 403 631 541 45 863 828 911 122 715 121 979 652 386 594 90 415 604 672 664 951 753 503
498 489 624 666 770 20 539 62 488 154 783 730 433 376 864 333 506 194 221 263 841 600 925 298 929 938 176 743 832 50 759 114 204 61 222 56 582 966 823 760 77 943 191 962 930 595 407 946 463 903 157 665 659 836 324 516 832 624 475 360 866 313 51 627 864 864 973 792 743 346 690 536 87 666 581 938 493 669 965 468 345 842 798 153 215 607 143 384 543 778 400 521 112 711 316 397 831 907 555 891
959 338 679 178 323 331 695 298 769 953 534 646 471 547 98 853 279 432 226 680 355 448 493 397 467 140 194 899 726 685 993 912 813 441 939 139 339 806 126 925 291 113 125 534 529 536 604 886 925 452 59 684 580 859 801 707 971 296 932 719 615 327 57 411 21 766 373 274 412 234 970 295 520 268 701 597 207 473 414 315 292 165 7 758 826 645 693 28 912 618 510 914 576 970 433 220 258 457 801 726
341 900 396 128 784 424 499 47 396 541 885 833 561 562 908 442 746 749 537 234 430 36 655 421 254 394 616 66 530 620 357 482 394 85 482 863 171 222 300 832 561 648 3 480 626 331 641 515 216 71 340 792 910 523 300 813 219 75 97 524 27 840 335 638 77 564 321 616 508 756 96 902 553 424 804 987 26 649 331 641 703 115 919 876 139 874 394 2 324 502 552 663 462 436 842 241 769 733 670 497
585 369 368 999 471 271 536 505 273 680 899 398 269 396 108 904 237 40 762 456 572 514 890 312 431 980 269 336 829 746 753 851 54 563 540 422 399 999 3 260 633 481 153 793 681 412 128 679 2 242 817 349 636 477 775 316 706 294 599 261 323 493 631 856 377 390 783 102 129 226 898 82 685 799 852 762 171 665 636 562 934 272 18 502 438 897 128 7 291 485 958 500 545 635 626 386 411 558 535 607
224 112 987 171 36 197 445 761 38 37 626 750 749 398 517 34 957 946 348 385 701 408 538 694 702 645 560 5 512 977 110 810 375 539 221 411 919 64 951 213 930 67 534 93 923 794 496 976 906 732 378 250 526 889 553 311 39 235 234 493 464 52 892 763 150 490 213 670 215 448 59 787 300 932 118 186 303 230 858 664 594 315 30 570 875 54 641 168 879 111 855 635 38 901 273 34 56 993 686 349
751 780 38 33 176 821 124 631 673 809 138 835 504 515 144 532 620 763 461 539 742 108 282 92 402 896 944 828 552 384 597 187 775 768 96 959 226 426 766 522 977 897 511 880 153 343 311 126 680 41 972 345 260 66 555 345 616 346 33 855 99 778 673 976 35 887 959 348 293 260 124 175 602 470 657 517 961 805 788 125 593 606 711 851 704 759 498 151 779 916 477 87 579 871 515 347 870 389 955 526
255 390 885 561 722 430 490 90 430 748 218 323 647 657 559 716 600 559 639 991 758 460 975 402 182 482 714 507 214 260 431 247 166 233 61 750 361 404 751 397 94 497 385 4 406 463 578 752 515 425 605 329 52 509 730 666 669 848 580 724 571 427 685 781 782 905 930 669 450 346 631 720 199 306 753 640 783 503 538 674 738 677 538 984 497 859 64 515 395 433 877 41 629 143 888 552 972 881 628 797
506 242 913 881 474 887 853 81 452 121 182 552 308 950 5 180 173 184 917 755 389 451 37 295 856 15 679 366 588 877 730 55 912 587 819 981 325 400 139 479 662 771 311 512 313 368 943 827 522 540 338 927 732 621 773 861 38 161 842 199 326 280 696 935 327 498 366 296 241 903 370 232 657 439 702 869 673 434 741 680 373 987 525 790 609 482 524 419 882 427 390 751 482 201 175 558 117 893 819 274
699 404 796 669 153 391 874 777 610 525 42 979 139 722 766 337 91 498 162 980 429 551 326 307 584 623 959 227 143 806 261 609 319 459 771 234 84 112 349 993 603 61 4 678 694 679 427 781 103 953 928 756 165 733 900 762 4 158 557 158 451 334 800 739 817 529 345 680 264 13 320 207 698 307 605 600 840 709 739 930 453 993 502 351 78 76 315 594 426 30 50 324 161 621 820 67 508 386 189 293
891 97 99 191 341 769 271 905 60 326 107 549 476 400 848 188 256 518 715 235 956 805 973 106 374 231 775 535 53 461 95 777 330 861 196 97 513 424 152 604 474 263 815 566 890 568 34 191 996 209 898 288 281 230 139 875 143 509 840 371 578 367 660 254 174 909 692 394 891 133 795 216 460 275 39 999 421 555 445 828 509 757 66 502 242 91 855 277 466 510 308 67 754 775 182 582 755 727 751 348
959 132 262 369 607 397 209 534 316 546 616 331 363 832 916 322 858 994 578 529 573 701 365 594 222 527 608 290 683 91 451 511 205 661 895 385 833 613 497 944 356 651 638 478 491 652 929 429 359 117 850 606 260 22 794 871 862 603 205 862 75 794 520 719 676 579 716 392 586 388 302 976 158 139 195 130 704 255 850 178 928 275 230 255 26 201 10 593 425 963 320 923 793 247 98 476 110 912 222 876
547 942 336 461 192 808 565 110 772 399 939 619 788 135 986 404 911 854 433 52 849 872 309 283 219 725 948 69 608 564 640 28 767 354 684 500 904 988 808 490 476 134 448 321 806 491 925 15 625 646 257 766 547 139 190 173 276 162 621 685 58 39 332 693 875 776 800 207 938 840 607 382 422 167 331 294 481 76 495 949 451 954 117 510 846 778 203 585 455 276 461 55 292 370 32 662 34 904 417 94
139 956 680 981 738 755 640 825 696 415 355 361 780 61 505 549 699 962 884 757 277 53 121 156 522 607 60 85 220 188 132 990 70 347 657 570 723 220 633 438 671 638 244 601 327 399 358 325 393 109 286 846 541 769 29 850 532 635 174 634 301 726 934 773 757 661 594 724 618 214 462 635 596 494 643 477 820 589 948 200 637 411 989 79 15 407 880 122 695 743 488 68 508 341 11 786 441 82 791 207
150 575 137 157 243 378 417 338 126 181 411 756 668 85 272 49 725 679 393 602 622 220 915 1 433 588 269 69 406 532 453 501 950 254 990 976 383 354 688 772 959 385 803 913 550 478 260 135 8 983 780 902 788 969 128 959 522 844 290 142 522 872 247 747 230 470 98 819 251 935 293 47 323 87 218 130 437 674 797 218 459 217 71 56 550 827 218 79 96 117 707 573 238 456 967 190 130 34 400 303
258 60 721 855 917 216 206 294 131 256 984 414 134 164 101 553 230 404 179 857 588 460 136 284 741 434 986 410 630 355 652 332 159 952 34 493 298 266 639 744 89 765 824 682 389 67 787 451 545 249 701 596 869 387 134 770 568 782 19 80 562 286 511 319 359 220 559 926 103 969 832 232 830 926 77 228 860 588 133 9 554 629 60 635 120 148 318 33 733 769 367 439 193 171 888 961 971 572 46 352
840 235 107 645 269 790 947 746 93 21 945 492 22 324 508 275 576 935 633 988 963 958 332 551 71 244 772 124 555 315 827 174 287 298 424 401 692 292 729 443 797 653 852 946 896 411 512 572 509 606 493 69 787 993 129 875 333 265 701 876 242 657 740 510 363 602 44 514 546 375 570 874 123 149 980 181 9 534 238 301 42 15 661 617 588 733 344 169 130 765 941 28 808 745 50 535 940 10 201 727
255 353 654 376 765 949 82 11 8 923 676 695 560 302 586 242 810 480 624 929 86 790 897 871 847 429 475 443 128 727 308 626 687 159 490 994 880 189 859 53 591 382 467 99 676 969 562 792 247 816 967 218 969 327 935 68 414 315 952 421 912 232 254 773 268 185 757 193 443 984 71 460 251 161 207 672 996 473 128 275 802 44 344 82 622 150 800 524 497 541 268 50 67 98 670 914 933 199 43 886
814 821 494 191 189 328 106 49 423 654 988 972 301 12 763 243 404 232 328 410 500 452 500 43 680 11 681 899 170 516 402 575 142 361 583 261 924 23 627 88 912 300 970 511 828 780 685 420 46 830 476 869 181 138 273 647 414 184 749 488 825 622 845 573 337 198 659 603 691 122 267 4 937 718 983 326 275 324 534 586 671 181 129 609 747 838 571 841 260 170 745 239 196 890 976 646 983 21 639 52
244 16 779 428 288 671 142 668 655 932 767 328 939 540 83 155 988 396 803 1 522 334 615 904 137 609 417 354 1 790 884 751 512 741 84 665 82 449 181 798 102 340 841 111 110 729 93 533 841 489 994 414 930 385 942 324 983 448 756 460 445 76 538 953 87 862 599 198 759 761 171 465 655 675 610 790 34 431 57 397 201 201 637 545 310 545 813 307 592 930 909 128 974 83 221 154 693 792 252 79
929 43 715 482 92 439 167 603 723 164 337 837 980 96 661 956 90 705 999 541 91 60 583 131 858 958 380 121 418 205 700 154 721 706 660 964 483 244 573 655 294 919 79 545 279 765 872 925 49 760 491 661 46 563 638 640 58 327 542 516 982 966 910 172 452 126 227 410 400 579 560 824 753 359 248 546 152 765 469 187 15 719 746 856 916 961 87 191 228 209 584 630 575 781 84 53 702 191 420 15
350 169 903 121 576 833 621 526 531 921 662 739 287 147 517 935 321 559 980 208 904 741 698 833 200 96 214 569 488 678 242 357 928 701 53 671 129 868 164 33 52 456 238 689 767 756 942 899 317 915 503 783 241 634 872 879 397 280 282 272 578 610 351 907 455 645 714 853 567 621 202 872 811 91 518 231 480 996 982 393 763 443 805 643 782 76 192 66 955 20 906 476 583 848 359 16 371 952 172 194
197 649 891 589 683 769 574 729 109 794 244 954 801 631 171 818 511 756 127 220 884 507 30 800 607 36 383 875 160 53 760 144 732 7 557 299 253 529 906 557 504 443 817 148 216 843 97 545 783 901 769 248 9 542 367 374 791 931 245 232 235 384 935 752 30 437 724 429 206 490 492 301 49 9 713 687 888 265 682 155 567 845 269 272 101 933 629 946 63 602 57 110 950 451 733 197 65 770 884 27
251 731 334 226 547 168 53 707 632 577 296 32 896 859 938 728 61 995 233 326 439 200 528 917 543 886 30 349 667 801 291 850 750 374 712 531 884 914 78 720 768 454 406 777 35 770 846 901 972 215 388 554 671 315 236 766 594 400 287 899 810 31 927 286 637 612 344 925 943 221 729 236 415 373 260 50 284 792 871 832 654 390 434 107 281 360 64 245 184 607 557 435 100 605 602 528 444 816 341 469
616 648 699 385 426 862 931 781 127 440 680 357 597 974 590 176 725 962 24 96 781 427 33 138 163 247 472 42 18 678 278 338 407 901 488 2 197 973 339 111 283 945 466 399 437 978 909 52 586 547 453 230 904 160 188 168 310 380 963 908 451 857 588 627 60 737 33 373 513 144 955 831 725 788 115 573 784 135 496 150 635 837 402 61 907 67 743 625 624 469 3 901 878 355 451 148 543 426 205 244
473 451 198 583 644 989 728 288 135 258 528 662 884 571 441 361 556 535 607 747 149 169 827 505 6 9 334 143 120 946 7 275 240 319 617 883 122 585 581 217 226 219 951 898 936 112 12 808 778 784 133 7 572 153 546 520 901 593 231 604 250 603 102 463 170 303 843 698 276 635 762 438 139 447 550 993 171 36 288 679 734 748 608 622 111 965 603 207 292 596 154 566 891 759 912 74 540 300 795 919
352 547 31 252 647 514 738 692 99 752 412 282 943 996 941 189 529 963 111 748 620 751 340 405 771 815 975 77 952 92 375 7 521 597 214 404 544 119 475 811 331 882 965 307 262 396 524 335 727 195 758 766 156 137 255 627 94 69 537 365 955 847 367 130 684 43 770 589 229 802 80 507 632 100 219 363 731 454 183 750 887 584 770 699 790 649 798 242 138 723 408 730 214 589 4 555 786 680 25 716
830 297 744 291 679 884 64 557 142 229 603 231 549 553 656 2 830 116 408 543 261 368 846 174 765 141 555 740 975 908 437 802 219 298 646 301 315 926 805 139 453 20 765 61 570 492 650 229 651 747 565 22 502 710 306 714 319 206 205 598 143 505 276 549 555 835 510 101 952 669 938 186 247 806 312 559 247 563 961 15 666 161 941 275 103 421 161 743 189 408 234 980 167 611 510 981 601 858 40 489
585 744 500 617 636 588 860 397 169 65 750 711 728 515 452 317 858 52 884 338 446 941 246 575 421 879 846 457 31 510 304 497 842 125 381 950 382 593 531 882 737 342 574 220 360 258 385 822 664 476 648 393 568 465 16 307 887 723 434 668 513 8 266 969 7 369 707 412 689 472 974 152 840 659 973 927 82 231 756 143 121 529 132 422 768 596 738 156 956 598 535 588 646 843 145 163 947 871 530 78
550 189 480 266 945 155 934 62 197 767 583 624 577 331 839 699 789 305 548 832 844 18 581 606 57 96 408 668 494 615 291 538 663 388 104 461 791 883 228 923 510 766 916 83 27 37 649 348 938 583 798 253 189 114 587 264 657 575 143 894 971 919 227 442 288 661 791 924 708 944 607 906 836 452 309 260 853 145 950 31 714 463 256 366 662 347 757 823 297 426 312 503 181 457 505 157 631 897 933 530
917 687 904 824 209 200 984 780 318 671 552 591 26 430 533 625 318 580 369 553 197 829 937 215 586 353 462 699 862 316 243 871 816 817 378 288 839 425 709 13 383 343 495 950 500 974 763 166 535 261 221 205 324 701 962 916 684 201 376 88 648 411 2 591 377 895 331 56 657 591 957 992 453 533 946 832 686 677 671 808 447 380 378 83 773 218 881 94 237 122 708 532 117 882 568 164 878 843 602 666
286 184 610 982 709 407 859 338 317 715 583 660 447 492 554 543 452 531 209 957 304 626 48 520 174 593 826 571 243 78 936 723 794 981 263 85 680 607 149 377 905 619 166 17 827 726 576 29 399 85 858 662 716 180 849 615 474 843 793 539 615 732 893 111 147 274 913 384 779 227 331 390 395 527 411 175 958 354 186 48 641 94 993 70 932 38 429 979 660 350 587 606 365 494 642 79 123 485 601 608
757 369 618 730 236 748 785 608 218 642 512 48 646 71 680 439 752 901 441 892 483 539 54 989 728 585 991 629 834 850 860 668 469 862 242 582 417 71 658 168 965 453 326 115 259 148 632 955 670 298 904 914 553 803 8 94 142 424 813 429 470 151 454 200 75 997 577 241 580 684 901 826 961 630 11 879 985 510 290 666 649 259 341 121 177 154 188 653 5 547 239 764 402 623 207 718 813 489 644 420
753 625 859 344 120 825 513 741 251 419 83 349 521 887 367 288 110 541 956 357 338 650 21 490 534 668 524 877 813 145 397 179 310 84 623 153 643 924 634 540 628 11 297 13 46 148 278 680 441 917 292 7 143 514 634 628 950 545 903 617 578 815 578 163 461 834 288 228 503 321 1 954 9 646 310 280 535 695 59 456 678 336 899 678 21 374 303 284 79 127 64 601 90 562 340 446 977 66 922 111
381 780 805 584 607 790 178 105 893 391 719 451 372 65 240 502 110 432 124 546 798 726 681 695 253 648 925 662 629 371 479 550 687 338 523 74 214 642 230 102 132 599 558 217 247 705 839 860 133 471 726 746 380 548 359 192 882 528 540 559 911 909 316 37 371 791 267 357 878 749 483 893 399 192 156 849 906 595 45 803 59 375 238 219 833 876 321 867 310 82 4 722 684 721 328 510 232 457 220 816
568 82 577 108 450 319 399 128 703 816 996 241 937 436 579 761 270 543 471 347 987 95 599 412 917 433 739 875 3 622 565 959 986 236 413 580 617 105 183 40 618 601 68 12 661 381 427 939 439 270 340 799 397 208 114 777 438 185 818 226 376 778 994 273 824 656 890 924 393 998 148 841 488 801 994 806 477 506 280 359 224 147 220 238 473 441 442 31 224 290 189 435 547 547 615 605 912 595 885 250
76 929 183 906 459 534 134 549 556 318 355 715 829 826 867 762 525 712 857 623 159 877 114 35 758 140 567 468 380 997 490 596 770 318 218 287 675 700 167 933 383 649 69 642 330 77 631 680 548 763 273 907 577 784 541 864 835 82 708 105 229 757 983 230 537 544 366 502 243 270 315 683 618 197 450 189 889 776 171 26 168 317 991 9 109 638 362 761 695 677 491 646 985 784 591 883 676 110 49 509
54 775 240 879 662 90 31 485 185 814 971 856 849 395 407 576 972 17 44 796 237 15 796 293 887 752 968 142 904 517 270 808 829 984 858 362 601 396 150 971 991 343 167 517 659 411 833 917 395 772 171 974 20 526 417 334 325 464 44 10 424 405 964 359 817 387 150 803 282 931 172 172 70 411 545 978 24 685 677 219 928 281 951 727 89 388 625 896 700 457 616 177 213 446 688 122 725 344 812 804
531 487 886 817 770 112 939 890 212 789 347 282 373 613 113 747 710 801 691 746 702 295 618 801 69 242 824 69 680 990 989 984 706 548 861 725 346 85 203 361 287 493 947 246 13 143 270 257 398 22 664 120 578 571 517 136 368 31 146 60 274 702 666 135 460 822 946 350 904 696 593 238 143 236 263 254 129 320 902 711 515 820 638 561 116 837 938 619 851 499 123 876 919 911 167 290 686 264 33 510
779 436 29 261 350 137 302 799 78 852 886 731 593 818 444 645 312 143 979 126 376 180 71 347 184 650 959 714 379 227 184 886 595 749 284 858 365 215 955 644 706 702 811 194 718 799 401 885 751 880 536 519 932 422 886 765 795 435 234 323 445 565 726 998 15 595 651 459 702 96 657 434 654 272 882 778 740 832 352 549 673 342 504 552 168 766 287 721 559 59 133 252 665 87 652 63 796 580 415 303
934 447 490 594 662 678 296 734 913 506 455 138 872 886 300 124 292 478 283 822 973 926 70 84 737 857 646 308 632 398 861 214 753 842 615 348 172 249 16 68 535 887 710 91 391 930 554 920 522 798 829 822 107 721 150 319 100 558 247 779 627 585 334 514 5 781 982 951 853 246 349 26 219 9 103 810 391 661 101 869 668 872 358 742 972 126 245 464 570 74 314 357 743 998 768 144 530 435 595 862
130 307 168 23 416 495 333 52 707 636 414 836 933 931 401 504 850 257 134 26 972 69 136 511 697 85 380 671 244 696 33 35 497 167 779 961 795 227 957 208 194 56 970 369 34 5 444 300 490 324 268 637 732 74 435 253 951 639 171 336 535 345 523 388 167 987 194 133 379 934 54 269 120 928 823 498 394 587 793 739 82 268 768 824 286 93 920 759 531 338 88 304 379 727 396 68 754 415 197 58
569 509 978 425 842 190 467 73 558 950 218 139 668 191 833 347 911 369 685 415 644 581 789 367 777 972 477 652 571 65 332 451 865 903 954 953 493 703 26 40 689 99 998 8 406 650 91 74 89 669 176 953 970 595 59 200 2 35 235 619 386 704 274 250 366 788 828 71 633 480 48 980 44 520 427 915 602 20 468 104 225 775 784 394 599 660 926 8 859 336 409 967 475 558 396 185 504 55 796 731
469 511 712 313 833 495 648 89 314 444 126 588 207 259 404 93 639 662 909 731 860 637 93 739 502 32 911 531 981 747 748 14 68 106 919 206 355 754 971 469 51 650 987 603 716 678 744 767 251 296 431 946 609 862 381 69 296 710 276 992 873 161 718 365 718 853 494 706 32 882 56 313 166 464 920 101 24 837 687 971 284 609 29 136 852 378 310 194 446 984 283 193 107 143 692 768 907 260 211 900
12 817 500 162 257 148 26 798 167 60 309 366 654 897 390 148 256 170 611 781 402 651 238 525 426 835 15 715 849 420 644 474 968 745 385 768 775 547 298 150 185 764 150 479 921 254 33 85 448 930 476 966 719 449 722 552 49 170 951 648 301 2 778 399 160 486 591 931 920 779 72 572 511 524 528 136 388 114 683 738 913 18 53 196 245 108 77 92 383 751 630 98 883 837 238 897 124 244 175 464
337 795 471 179 613 55 842 943 622 866 726 806 72 593 361 198 89 279 900 367 632 864 244 804 611 835 157 505 284 811 170 951 99 729 163 615 237 553 525 991 46 987 958 308 984 843 430 729 638 282 785 68 303 652 96 404 443 593 347 540 400 562 81 926 279 873 45 109 470 19 16 612 867 337 870 858 57 840 422 14 229 701 324 720 727 624 781 168 595 646 220 694 445 725 948 518 852 709 614 469
